5.437500
3.765625
1.375000
2.437500
0.691406
1.031250
1.320312
2.046875
1.421875
1.765625
0.871094
1.968750
0.683594
0.679688
1.085938
1.109375
2.593750
2.046875
1.164062
0.328125
0.371094
0.441406
0.281250
0.478516
1.437500
0.500000
0.718750
0.398438
0.320312
0.511719
0.458984
0.408203
2.031250
0.562500
0.213867
0.215820
0.361328
0.392578
0.345703
0.933594
0.206055
0.726562
0.527344
0.201172
0.285156
1.710938
0.455078
0.337891
1.195312
1.242188
1.906250
2.437500
2.203125
1.226562
0.447266
0.283203
0.458984
0.470703
0.839844
2.093750
1.125000
0.337891
0.339844
0.414062
0.886719
0.570312
0.671875
0.369141
0.225586
0.211914
0.164062
0.554688
0.267578
0.203125
0.269531
0.337891
0.215820
0.111328
0.285156
0.174805
0.667969
8.937500
1.085938
2.140625
1.101562
3.640625
5.343750
2.468750
0.843750
1.953125
1.179688
1.578125
9.875000
2.609375
6.250000
3.171875
0.621094
8.062500
0.750000
0.910156
0.679688
1.476562
1.718750
6.156250
13.062500
8.687500
4.843750
4.906250
8.187500
9.750000
2.812500
1.203125
0.566406
2.562500
1.468750
2.078125
0.699219
2.609375
2.750000
24.125000
12.437500
19.750000
10.875000
5.937500
10.437500
8.375000
2.875000
1.992188
1.031250
0.472656
2.625000
1.609375
0.523438
1.000000
1.046875
1.078125
3.812500
3.750000
0.914062
1.812500
2.671875
0.984375
0.601562
0.554688
0.847656
2.000000
3.531250
5.531250
1.335938
2.062500
2.562500
2.218750
6.406250
6.593750
1.984375
6.781250
2.937500
4.906250
4.093750
2.796875
2.031250
0.949219
2.593750
0.570312
0.519531
0.472656
0.687500
0.750000
2.500000
1.156250
0.984375
1.054688
1.039062
1.531250
1.148438
0.330078
2.031250
3.687500
0.412109
0.726562
0.500000
0.363281
2.203125
1.593750
0.355469
2.625000
0.996094
1.984375
0.613281
1.132812
0.796875
0.365234
1.351562
1.046875
0.507812
0.535156
0.570312
1.437500
0.593750
0.742188
0.585938
0.878906
1.312500
0.789062
0.585938
0.636719
0.231445
0.384766
0.984375
1.539062
0.388672
0.660156
0.188477
0.906250
0.519531
0.281250
0.613281
0.431641
0.667969
1.367188
0.503906
0.675781
0.460938
0.365234
1.320312
0.500000
0.202148
0.353516
0.177734
0.423828
0.304688
0.664062
0.886719
0.265625
0.249023
0.761719
0.343750
0.337891
0.636719
0.386719
2.843750
1.234375
1.406250
0.464844
0.933594
0.562500
0.226562
1.148438
1.148438
0.683594
0.890625
0.671875
2.109375
0.679688
0.921875
1.117188
1.375000
0.593750
1.859375
2.171875
1.296875
0.863281
2.265625
5.531250
6.343750
2.250000
0.765625
7.562500
13.812500
2.437500
10.000000
0.392578
0.578125
0.804688
1.390625
0.605469
0.431641
0.953125
1.695312
1.320312
1.179688
1.523438
0.964844
3.921875
7.000000
1.421875
3.125000
2.859375
0.570312
0.613281
0.124512
0.168945
0.574219
0.122070
0.158203
0.175781
0.429688
0.228516
0.229492
0.153320
0.171875
0.153320
0.226562
0.597656
0.419922
0.273438
0.273438
0.351562
0.224609
0.189453
0.498047
0.433594
0.339844
1.531250
1.953125
2.015625
1.765625
0.363281
0.398438
0.578125
0.152344
0.118652
0.141602
0.099609
0.050293
0.056152
0.106445
0.095703
0.105957
0.496094
0.660156
0.859375
0.287109
0.181641
0.283203
0.357422
0.796875
2.812500
0.968750
0.238281
2.125000
2.203125
2.593750
2.125000
1.062500
0.890625
0.742188
4.281250
2.343750
2.250000
1.242188
1.554688
1.687500
1.351562
0.882812
1.476562
3.453125
2.531250
1.289062
0.804688
0.503906
0.675781
0.417969
1.265625
0.945312
0.875000
6.125000
1.226562
1.203125
0.734375
1.968750
1.546875
4.250000
5.781250
1.429688
0.480469
0.570312
0.875000
0.816406
1.117188
1.437500
3.093750
3.828125
0.365234
0.302734
0.326172
0.453125
0.496094
0.773438
0.542969
0.437500
0.226562
0.204102
0.172852
0.562500
0.263672
1.078125
1.695312
4.562500
0.593750
1.015625
1.906250
1.296875
0.507812
1.710938
0.699219
0.460938
0.738281
0.470703
1.179688
2.843750
3.015625
1.875000
3.031250
1.750000
1.007812
0.250000
0.753906
0.322266
0.437500
0.498047
0.199219
0.245117
0.223633
0.554688
0.625000
1.171875
0.570312
1.281250
0.423828
0.761719
0.320312
0.914062
0.523438
0.215820
0.234375
0.308594
0.250000
0.203125
0.244141
0.191406
0.808594
0.170898
0.757812
0.291016
0.218750
0.386719
0.419922
0.310547
0.214844
0.135742
0.206055
0.206055
0.168945
0.096191
0.178711
0.457031
0.427734
0.648438
0.640625
0.184570
0.248047
0.223633
0.217773
1.296875
0.597656
0.804688
0.839844
0.542969
0.149414
0.277344
0.546875
0.363281
2.687500
2.828125
0.859375
1.773438
0.648438
1.828125
0.667969
1.156250
0.462891
0.332031
0.957031
0.566406
0.400391
1.093750
0.359375
0.660156
0.257812
0.789062
0.402344
0.625000
0.687500
0.165039
0.250000
2.250000
2.156250
1.507812
1.195312
1.039062
0.734375
1.296875
1.156250
3.187500
1.226562
4.437500
0.828125
0.500000
0.738281
0.839844
0.656250
1.820312
1.125000
0.546875
1.703125
1.140625
0.333984
1.289062
0.245117
0.494141
1.632812
0.515625
0.953125
1.445312
0.431641
0.867188
0.308594
1.890625
0.343750
0.388672
0.636719
0.949219
0.964844
0.371094
0.828125
0.558594
0.828125
0.402344
0.667969
0.609375
0.792969
0.353516
0.636719
1.015625
0.414062
0.404297
0.929688
0.314453
1.046875
0.621094
1.148438
0.250000
1.601562
1.328125
2.328125
0.392578
1.007812
0.468750
0.322266
1.421875
0.812500
0.490234
0.691406
0.345703
1.039062
0.333984
0.566406
0.431641
0.470703
0.466797
0.714844
1.148438
0.318359
0.941406
0.402344
1.179688
0.468750
0.239258
0.937500
0.492188
0.219727
1.523438
0.400391
0.300781
0.851562
0.691406
0.546875
0.675781
1.445312
0.515625
1.203125
2.359375
1.250000
0.466797
0.388672
0.910156
0.458984
0.710938
2.046875
0.419922
0.757812
0.511719
1.234375
1.007812
0.453125
0.425781
0.507812
2.234375
3.125000
1.703125
1.085938
1.617188
0.396484
0.554688
0.679688
0.371094
3.328125
1.257812
1.562500
0.519531
1.296875
1.132812
0.960938
1.078125
1.460938
0.462891
0.261719
0.933594
0.953125
0.294922
0.617188
1.007812
0.247070
1.070312
0.843750
0.953125
1.250000
4.156250
2.078125
1.445312
0.292969
1.117188
0.636719
0.675781
0.175781
0.695312
1.218750
0.878906
0.621094
0.351562
0.726562
0.458984
0.738281
0.367188
0.527344
1.156250
1.445312
0.410156
0.339844
0.392578
1.117188
0.855469
1.359375
0.326172
0.351562
0.451172
0.347656
0.281250
0.972656
1.054688
0.648438
1.226562
0.390625
0.953125
1.140625
0.625000
0.312500
0.292969
0.406250
0.519531
0.347656
0.404297
0.808594
0.671875
0.562500
0.925781
0.414062
1.179688
0.492188
2.125000
1.109375
0.726562
0.687500
0.236328
0.773438
0.562500
0.388672
0.223633
1.351562
1.242188
0.937500
0.757812
0.765625
0.718750
0.296875
0.273438
0.519531
0.433594
0.294922
2.203125
7.187500
1.812500
1.515625
1.390625
1.125000
0.221680
1.000000
0.277344
0.392578
1.531250
0.617188
1.617188
0.320312
0.308594
0.664062
1.539062
0.699219
0.671875
0.519531
0.292969
0.292969
0.757812
0.289062
0.235352
0.265625
1.148438
0.597656
0.285156
0.147461
0.174805
0.152344
0.835938
0.221680
0.169922
0.108887
0.130859
0.246094
0.127930
0.208008
0.127930
0.229492
0.785156
6.968750
0.232422
0.427734
0.194336
9.000000
5.000000
2.718750
0.320312
0.184570
0.151367
0.103516
1.039062
0.275391
4.687500
2.812500
1.195312
1.210938
0.738281
1.414062
1.054688
0.363281
0.451172
0.355469
0.363281
0.710938
0.474609
0.482422
1.406250
1.210938
1.210938
0.843750
0.917969
0.855469
0.925781
1.179688
2.421875
1.734375
0.636719
19.125000
2.781250
6.156250
1.664062
2.562500
0.781250
2.875000
1.890625
1.156250
1.070312
0.439453
0.800781
0.298828
0.613281
0.847656
0.828125
1.023438
0.437500
1.078125
0.455078
0.574219
0.640625
0.507812
0.390625
0.384766
0.593750
0.292969
0.570312
0.231445
0.601562
0.259766
0.425781
0.367188
0.324219
0.863281
0.550781
1.109375
0.750000
1.617188
0.376953
1.000000
0.664062
0.605469
0.390625
0.500000
0.734375
0.328125
0.174805
0.498047
0.558594
0.408203
0.593750
0.433594
0.832031
1.039062
0.742188
0.306641
0.796875
0.423828
0.972656
0.523438
0.373047
1.062500
2.078125
1.039062
0.333984
0.386719
1.031250
4.250000
2.000000
1.617188
2.375000
1.023438
2.140625
0.369141
1.125000
0.855469
0.369141
0.412109
0.808594
0.589844
1.218750
0.546875
0.644531
0.957031
0.558594
0.742188
0.382812
0.400391
2.046875
2.437500
0.796875
1.609375
0.478516
1.328125
0.710938
1.773438
1.156250
0.435547
0.312500
0.531250
0.804688
0.566406
1.789062
0.679688
0.972656
0.859375
0.359375
0.781250
0.515625
0.546875
0.255859
0.589844
0.214844
0.184570
1.007812
0.945312
1.062500
3.359375
0.480469
0.714844
0.605469
0.832031
0.488281
0.855469
0.828125
0.695312
0.271484
0.863281
0.691406
0.388672
0.808594
0.914062
3.640625
1.140625
0.890625
0.396484
0.636719
0.871094
0.431641
1.015625
0.871094
0.679688
1.171875
1.390625
0.746094
0.753906
0.265625
0.357422
0.851562
1.398438
2.765625
0.937500
1.023438
1.046875
1.250000
0.582031
0.753906
0.609375
0.269531
1.789062
1.164062
1.179688
0.656250
0.373047
0.341797
1.117188
0.476562
0.781250
1.875000
1.757812
6.125000
3.859375
4.125000
6.406250
2.312500
1.585938
9.500000
8.625000
10.062500
3.843750
6.437500
2.187500
1.609375
1.320312
0.832031
0.578125
0.718750
2.062500
1.304688
1.625000
0.464844
0.351562
0.550781
0.769531
2.062500
2.312500
1.328125
7.093750
5.312500
1.429688
0.443359
2.296875
0.251953
0.562500
0.593750
1.367188
4.156250
2.140625
0.261719
0.699219
1.070312
0.843750
3.593750
1.585938
3.656250
2.796875
1.140625
2.250000
3.312500
1.468750
0.169922
0.130859
0.330078
0.332031
0.419922
0.188477
0.212891
0.103516
0.527344
0.875000
13.250000
9.375000
4.875000
2.406250
0.546875
1.554688
1.914062
1.820312
0.546875
1.765625
3.234375
2.000000
1.320312
6.218750
8.812500
8.687500
18.250000
19.000000
4.937500
2.343750
1.546875
0.687500
0.710938
1.328125
1.312500
0.964844
0.667969
1.171875
0.992188
1.179688
1.906250
2.625000
1.390625
2.125000
1.281250
0.550781
0.425781
0.392578
1.273438
0.777344
2.015625
2.500000
13.625000
1.445312
0.671875
0.828125
1.218750
1.062500
0.369141
0.574219
0.667969
0.527344
0.718750
10.187500
13.125000
11.125000
5.781250
2.593750
3.343750
4.031250
4.687500
1.632812
1.101562
2.765625
5.906250
2.640625
11.500000
10.437500
3.281250
3.328125
4.375000
6.687500
6.312500
7.218750
4.718750
4.312500
3.062500
1.125000
2.593750
4.281250
3.156250
2.468750
4.468750
0.765625
1.312500
3.375000
2.156250
4.343750
1.031250
1.031250
1.226562
0.785156
0.632812
0.539062
1.757812
0.789062
0.621094
0.730469
1.710938
0.894531
0.718750
0.812500
0.746094
1.921875
0.667969
1.101562
0.800781
0.484375
0.369141
0.917969
3.937500
1.953125
1.945312
1.648438
1.109375
0.839844
1.007812
1.429688
1.390625
0.667969
0.457031
1.156250
1.031250
0.839844
0.875000
0.996094
0.859375
0.648438
0.824219
0.664062
1.484375
0.757812
0.632812
0.816406
0.984375
0.769531
1.039062
1.054688
1.046875
0.808594
0.812500
0.644531
0.515625
0.546875
0.937500
1.054688
1.273438
0.878906
1.054688
1.007812
0.683594
1.257812
0.644531
0.621094
0.648438
0.718750
0.585938
1.156250
1.031250
0.554688
0.574219
0.847656
2.234375
0.597656
0.824219
1.304688
1.492188
1.195312
1.632812
1.445312
0.605469
0.996094
0.851562
0.609375
0.753906
0.777344
1.125000
0.828125
2.671875
1.273438
1.125000
0.812500
1.273438
1.375000
1.257812
2.187500
1.187500
0.976562
0.570312
1.109375
1.429688
1.210938
0.589844
0.781250
3.171875
1.179688
0.968750
1.507812
0.906250
0.859375
0.953125
1.554688
1.328125
0.976562
0.843750
1.070312
0.750000
1.546875
3.500000
1.445312
6.062500
2.953125
1.945312
1.710938
2.921875
3.343750
2.187500
3.390625
2.093750
2.218750
1.671875
2.109375
3.218750
2.000000
2.093750
2.265625
8.875000
2.015625
1.593750
7.093750
4.218750
2.718750
1.476562
2.343750
1.132812
6.562500
4.437500
1.734375
2.546875
3.859375
3.531250
3.406250
7.437500
1.906250
3.687500
6.906250
2.328125
2.437500
2.437500
1.375000
1.890625
6.906250
4.718750
2.187500
6.375000
12.312500
34.500000
37.500000
